9.79234745157134
4.15041236016576
-0.314303921296127
-4.9586738310229
10.0583920943541
-3.92413335432651
-2.15104181958459
0.717052888439125
0.0424072058037865
2.40076654492946
0.480162112908478
0.240163841852403
-3.44072683937754
7.13647475001106
3.26629079426295
-5.28477914921865
-6.41851888565655
-8.90287106119964
-2.26541008265837
-6.56898177301749
1.51962387817537
2.75373442782504
-6.34086254493322
-3.15223158109585
7.58799140433911
-0.373608136607656
-0.0142694970753725
-2.43637173147742
-3.21369962995523
-4.22906921907155
-2.072905123671
-0.252003230911315
4.89980822883544
-12.2098721796711
-0.651235151720383
0.499032971455494
-7.66125445781187
6.14891810693233
-1.85427126092614
0.240767824403279
-6.69875613085909
-1.96757664696882
4.87175354969609
8.43732148805648
-2.66917790050186
5.2215439270719
4.7356020957621
8.44238534476201
-0.681285488029709
-0.444623915978827
10.0432829612112
3.9124301710588
-2.38737004058718
-6.26699161035713
-0.332026795624893
-7.67369993272839
9.32179624167346
-7.43474316481455
5.77674370976844
0.117612069378714
1.37536850602965
1.50211475174444
6.29052870467872
-2.5711463824504
-6.64154139726348
1.61295206472625
-0.955921770086725
-3.72429118089115
3.53226663148157
3.79077730266613
-0.657710686198251
-2.26456960994552
-2.61820121205633
-1.14132366307043
3.88770959004977
4.44714392084323
0.909406140783686
-4.48376233850146
4.73058880176199
1.07466678596519
2.26378004066706
10.6952290925308
5.46893609985041
1.7318197048771
-5.4940205728144
-4.72033079825389
5.57886749865532
-5.45666154345899
10.1548876295517
-4.66982211158091
1.599341048445
-4.78589774313548
8.20247842228314
4.86011731601505
13.6611035095159
1.24256987358645
3.7297722449826
2.80834371488051
1.05084612093575
-7.50213911474646
3.44487411580451
-8.88904872399855
-0.327929600468521
-2.4397071511121
8.3098392903857
-3.7012677462712
14.2899126611928
7.32757323726938
0.988050536550191
-2.65803728220302
-7.42708791580076
1.0496664715306
6.61708300813749
-1.87512332960241
-1.69960671422571
2.37410472545454
-6.31252644758575
2.3021952478995
4.93686118864513
5.51116274446472
2.26278662125972
11.6950433323406
-5.55991514853933
3.32680599404011
6.85610064335475
1.18388635516972
2.70740335565983
-1.46948373448335
2.34941679670516
0.690557110415646
6.85097913224806
-0.737684699154021
4.45302321460211
-4.39078816407367
-3.29313770406247
4.55687499496617
-2.5493911214672
-4.5871578730062
-2.81876013187198
-11.2694436800345
-1.2246428335473
-3.54056184933063
5.74975069069289
-2.34189534897324
8.79845032367938
1.89258517100067
-4.09306939895513
1.29544956602504
5.79713237436678
-3.62836719593039
-6.95684971819847
4.17202320628731
0.316586046275366
-0.608124403207462
-1.72936576814557
-5.21823350052578
-10.9177806783559
3.01355693195713
4.7287739151861
0.7403894965362
0.789881049639951
-2.80242837985446
3.66716569761814
-1.72789255348075
-1.23041883408137
-5.6897096954305
-1.57916943566145
6.68843913466804
10.2366756481365
7.62041092697927
-3.76501087236867
-5.11598145912707
-7.74662086083234
3.48153705442686
3.34192628689009
11.6250927690439
5.42495329284583
8.88654003508696
1.76386885649348
4.34330092212616
3.80466924420647
-3.57164306507906
-1.54568301013551
5.81039644109834
3.03829610593721
1.27938390521081
-1.08167434637047
-5.06722016870218
-7.64737775207552
5.70841229604833
3.325292414624
-3.41054828217863
0.242868047279189
-2.53484863119326
-3.56252975073235
1.8267697845283
-1.97518672043862
4.13917349098803
4.58167602622977
4.66170716647032
1.71931412430608
1.27116424648077
1.81142281876748
4.25098855240764
4.56948453658839
4.43853783417841
8.72275512177795
-2.05921668663112
-4.43516483922525
-9.43892366411932
-3.11322636080032
-6.199964775193
4.89619149443934
-1.40281394686472
-11.0669186719633
-2.51172414862283
-0.811073705526009
1.44064836233036
-2.32532147757145
5.50659291298806
0.537911575144071
3.98905995662463
13.0748127929937
6.90067528441289
-4.92732093241505
-0.586607036997184
0.0871860360904868
-1.63985090791648
0.461183086967437
-3.27356129794917
3.35894709687943
-10.3634906431123
3.15416844070388
-4.84696183456022
10.0569241564117
-2.73875694794175
1.08449594024506
-3.98995231739451
-7.86992029935565
2.76182576197431
7.39182149283839
0.135968663721706
-3.31377702501431
-6.53913551152131
4.40000935346375
3.38561317757549
2.17650303265106
2.02778739997828
3.12165877556544
-6.54768650678392
-3.69681442557174
-6.26393193675169
-2.61524689510209
7.52095893307328
3.07547896617423
6.53486983261847
-0.927170931693406
-9.34984502044456
0.229484210045686
4.57284660359377
5.67716230204854
0.21838130387531
-7.46617884901084
-3.71918175116084
8.41977151349365
-4.80709648633806
-0.586410914326174
-0.0773280002307124
1.41088997378433
-1.1969531850665
7.04449114491538
-0.132148156197831
6.83945903084208
11.1057014555986
0.334068799972967
14.1131376196356
-7.24703618111376
-2.70496668509224
4.35067705971852
-2.71488595448611
7.44457389465155
0.344129111252696
-0.91163996261352
-0.280609213327474
-2.34731946503801
5.01866323078085
-1.1097303846359
-7.27977532072478
3.04653081763519
-9.36077305153673
-1.8297755447419
-0.926091770157134
11.9628695144979
-2.71924738588917
3.40861452974537
-1.7433925000407
1.43545835649392
3.86854214489294
-0.69550869056583
-2.48860399709213
4.71294764263251
-0.758679519638235
0.15253107556572
-4.2026962913138
-1.54363619627033
-0.309827309713432
5.81519742267034
-8.07319081708928
2.31745699584573
6.35829412039998
-4.07542844579835
-3.82347872885961
4.1420992339965
1.2498865112998
8.93105374781658
6.67278913831689
-3.10322667379098
-3.9318835958377
-5.78083170900794
-2.25571613058195
2.36267530447677
1.33206009799512
6.0618936166223
1.00200200004903
0.585405590125101
2.07176839711154
-1.28185331934659
1.73572722605075
5.87219967829893
-1.86880762214775
-4.12261396224058
8.22483318324712
5.45757076527439
4.10297591551526
6.33600352928322
-1.88168857641273
-3.31430628534855
-3.77522792380271
-6.69118027604973
-0.473454830261667
-2.879423868885
-4.39794722834797
-1.06841583990571
-2.32404526270552
-10.7310775273555
3.13689830926499
-1.61369322498983
-2.12471723730931
10.5998957962465
-1.5941296582199
5.59380039918423
1.96761800832877
1.78956152077569
-1.74937039803546
1.25069208523525
2.44721927147877
5.15396374911638
-1.45496031921735
8.49907182070313
2.11933975600741
7.53580237698422
3.39182258062213
3.17123607624874
-5.65354132361243
3.41066112999083
-5.93708832233918
5.80297757370536
-7.40797430927221
5.36055407304524
0.266298210401748
3.06996504221425
5.35779691613632
-2.80721799471342
2.01384611865399
10.3688845527862
6.76041105875081
-3.38322731788211
1.87329879857816
-4.28090342763918
6.12295895511586
2.28894989105784
-2.45380228197144
-9.70898077380263
-4.70092539672552
-5.53077313280397
-6.0976717217098
-6.65075330697301
-2.77660566081292
-5.45487629200515
0.573192305307377
2.41118691402277
-1.67470629602797
7.32952176934436
2.4192952194822
10.3014190080107
-4.60238904899608
2.9928108564973
-3.87007927265871
-9.30644606641868
8.2400771459265
5.48764345064303
-0.0591182993504396
-6.51415151787
5.26892225379288
2.79211499165344
-7.15894985421829
-7.52488650609084
3.97746181810485
-5.35650565735023
2.22294535029359
1.06955989261656
-3.23276460730609
-5.74755763617096
-4.73549025734307
-1.08386014233738
0.604902761272241
-0.231569310808346
-3.45594120499876
-1.01948925245362
8.35800518611326
3.68953836148083
2.79522885558481
2.23543035439805
0.457369733688979
2.20629128521498
-2.08266442203491
-5.58181769477196
-5.78982029663713
1.41669449277737
0.0750304343705568
-1.75879887064241
1.92676233763839
-1.2736994030167
12.262427616926
-1.88384020932924
2.26268802524789
-1.01590865491752
5.43767426750545
-7.53878720001064
1.01663737799047
-2.15255454145186
-10.5116446584086
8.42089056535334
1.52037234401918
-0.0647820726870726
-3.45474203724958
-6.51668293405684
3.0020861081922
-12.3149751920541
-1.83721744718788
-9.22314070188677
-1.1416728956674
10.5470582620326
3.34879640490231
-1.26939577421564
-5.20102487731776
-6.40025911376437
3.23290639485079
2.33865390006202
-4.57571413665384
-4.30748100331792
-1.45853161023445
-3.1359411250642
0.558852748785327
3.29006839341249
-1.84107430870118
-5.38270973634026
0.867877134280577
-9.21132004338058
5.52733989188962
4.51694158427689
2.12636760734019
-0.142474445904187
4.40283371656948
-2.246425954775
-5.1545423035771
2.77118204575044
0.34309990414352
-7.78354538162203
4.00588192792782
0.690871686721958
0.191716577049008
3.51396345597914
-2.75997462520584
6.54453131062915
-0.379836201043348
-7.510385844599
2.74304842045375
-3.46024411028087
0.393814175198678
0.300527414852269
-0.529425719602793
-3.93909240079864
0.532797499203397
-4.00462203350485
0.371748438241176
10.2178017095748
1.77050743224709
0.93607400839322
9.4197562278409
-6.66190369000363
-6.10466681308779
-0.957794256872571
-1.21585085263661
-0.2070275730674
-2.37252216428971
-1.69530489214871
-9.53900888794266
-1.6703944670559
0.552343746941693
-2.69311777737895
-2.94884298487264
-5.98892427407809
3.99885858829716
7.31717653520862
3.54988892847286
-4.00626312092214
6.76113211305203
4.21727150061721
-1.35005353897283
-2.62676425537908
6.5535498561042
-0.774252064604614
2.59449731662381
-0.47814124255503
3.80100299106494
-4.82755467336961
-6.71571637885488
5.57185098748079
2.02449918924173
3.05652577859792
-3.50997158668027
3.57906016941539
-5.88088998602409
3.43953295697477
-4.46490230749764
9.52119681761259
2.98018234051932
-0.765879275695837
-6.56727781732554
2.04003364061815
-5.7047901278416
1.5925478853155
-1.81131944902497
-6.81084303208148
1.62163835203053
3.27896081127844
-1.69821644820743
-4.77957473550114
3.51126018642814
7.07642572990046
-4.04843764414454
-1.18104883967571
-2.79349039772168
-5.89003042338639
1.38446341642112
-3.34294318267681
0.21262869013938
6.1582822411709
1.76710989035998
-0.467080226771516
9.2975489368501
-8.40434035171102
-5.94331144442573
4.53286325258873
-3.19583190088065
8.11449152740881
-0.178799469914662
7.11508410768791
0.0733068741996932
7.28155562426189
-6.90354978572528
-1.84239252678855
5.62059798375572
-3.55600415196824
0.113536210530866
-6.1578188455076
-2.30921848028205
12.9826998841216
4.41866495046603
4.67421536863491
2.06069922643998
3.02942218573099
-0.137783538248876
-12.1110496762073
0.348778812945799
1.36602668659331
-1.55866570839699
-8.87599021856982
-3.55773004649556
6.70423494394651
1.22628087598481
-5.16487167204934
6.93303665942393
-4.58563612801745
-15.0112264630007
4.18032765357473
1.2270122397363
-1.36139830903341
8.97253529339188
2.21520643573005
-0.336051876639499
9.46044245145552
2.25949687130545
-2.92348763188925
2.06701123109475
3.89699616267342
-2.86438941690758
10.833386803671
5.53768284044631
5.36291625185071
10.9501535643596
-5.98197655717273
-8.1048460065758
-1.78114185176881
0.487228012130081
-1.30760814914834
-10.2123439673104
3.47496873000056
-4.08628350650324
-0.945561731306789
4.62557937122545
3.79065917278495
1.80776604663284
7.46770760456687
6.1254903221429
5.79872390486454
-5.01310218481256
2.38691040747616
0.76219660255983
1.17267704076294
4.76802063841212
11.6592918725749
5.53470929398154
-1.10258523534444
5.01084997868423
0.286276405046024
-0.162214114594713
-4.35567431871262
-4.20211714799692
0.420519770674059
-2.60051168514643
1.08584127071667
-7.91671711044691
-6.1128202218202
-1.99951352672562
0.50081171403339
-0.151977270146692
2.8929189498333
3.57660918673115
3.39636907938425
1.42153636260989
-3.12368560539359
4.75875189280864
3.75536175373902
-9.27192990700528
2.27791889243156
0.68593923859405
-4.91280513959091
-0.625375892488842
4.72846895717726
-6.96264932449445
-5.62561764862594
-13.6090535023432
2.38771355032577
2.19506182360471
2.52074784985574
7.22754335582277
0.519565059704244
-2.96455129118349
6.38941498187316
-6.20508683766033
3.98060399914528
-5.62074792703042
2.93703355357784
-7.5714561834507
2.36384083799539
-4.81789876700784
4.284157220772
4.20271953446492
-5.35329022685367
-0.973817810360826
8.19612328876018
3.69239939143638
6.5067769336035
3.55719769811871
-3.42820957560825
1.01217743469739
-0.36677752660355
1.42825764897608
4.17449689086753
-4.14775076279885
-2.71287756955828
3.99412538675147
3.68186532653749
3.15405154990427
-9.08016969547447
-0.472453169102607
4.02763968959228
-11.1481132694723
1.46829826896298
-6.21496795994633
-3.39436621994445
-5.63047909835013
-5.22863782705331
5.74268074091114
2.08635432679646
1.52375688658332
-2.07791565302615
-3.62371063551172
-4.13719882404901
-5.06648362179216
-0.268410070277249
-7.38618083436676
6.16850685114886
3.88227461703319
10.3850878224135
3.97624562844518
1.87136090838096
-2.7100444624467
-1.68826629382669
4.28139581351235
2.0667243674419
-3.62800375269669
1.73096551262445
9.26728364348641
-2.46796680817501
-0.416984215014107
0.439195627362152
1.7360830661243
0.347977640480747
-4.88884100538148
-3.55270094451782
-2.71653234060175
-2.07350575234585
-0.21539900616866
3.208257185823
5.37936679219603
-10.8139592805547
1.67375254379276
1.11479873198
-6.79074655036841
2.10528368569793
4.07036471549998
2.83265974248599
-0.444448814986889
-0.412741011871413
2.7447479879306
4.50118217419819
-5.91281288475422
-5.12908274737849
-4.12389327422815
0.986820173310828
2.97973020139797
4.55782260154669
5.81632447053808
3.51819375014347
3.61065706001332
1.41462868158573
3.28997473009819
2.22308746915209
7.97696173173464
7.2601359878339
-3.16373760911952
9.03964465335651
-3.85316706748647
-5.09982127286954
-4.16104895650862
-8.07320293810361
-3.08637498900184
5.42176294318735
-2.84352748960078
-0.634921753278999
6.39698383238371
-1.6802328577633
-1.3523267291644
-7.56669181397833
-3.62876853720615
-2.10610909817795
-3.64101691635424
-5.92614464559458
-1.61289737859022
-5.54511815244021
2.85119248346131
-9.01745870767707
3.06599114337762
7.90863366554095
-4.30663720400055
-7.88024192266907
-6.72304953009505
0.961002718966207
1.34147616308609
-1.13492309660032
1.06983169957519
-2.08674448637023
8.16822759850697
-2.55941832532322
-5.15089371372003
-3.40293904658353
8.62642290126072
1.27734079421715
-4.37864118211204
-4.2585720057789
2.05285641184147
-1.37523356158393
1.11091915825358
-5.97618244475776
7.4739801234541
2.7591923949136
-9.36638739202244
7.34563597214792
2.68590948899695
-6.44241360312003
1.1807837394737
-2.26171239552728
6.12659060354224
-5.25169867864799
-6.92690786883967
0.512270460145039
-1.36570354139617
0.048658491035416
6.02629719975144
-10.2843716409398
-5.88572258229071
3.94677472484821
-5.47917154572511
1.68320207213821
-7.65559585617072
-6.85261638649965
-2.48105958287462
0.340590275392152
-1.48703762199644
3.38772748684436
-5.58327133261611
2.62423658506986
-0.293442394446205
1.49306239208135
-7.66365835663052
-1.42505373489834
3.59150537343538
10.452949295975
-2.34671687176864
0.0540845964705804
-1.95642918114386
-2.81145719179052
-2.86450536598232
3.7607825014168
1.56595343200862
-3.24898955860877
2.62308258099009
2.77454934421561
-12.5170875056548
-3.69527266024925
0.081210971226409
-6.95624332513753
-10.37625079839
0.938133708667565
2.98142077020335
-2.35665697669312
3.03908336747437
5.26530284697449
2.02018669960183
-2.54715589021277
4.0982304280529
-6.6541531016738
4.77805544060687
4.3993775300583
1.91877926226701
-0.384295927817319
7.21041058603272
-2.35158356132434
1.59821352542757
-0.606544945072842
-0.335723581567295
-0.829266107282328
7.16301110334567
-8.71020065642082
7.05692461259558
-1.75660279252146
1.36699681617221
-10.327514397387
-2.64967324532418
3.32204781237536
-0.171698804970945
2.97938054755899
-0.526415103638779
3.29633836985149
9.6889412350668
-1.1435412889998
5.70414132567559
-3.94696775360789
12.150338886302
4.75360199949011
2.46372845257099
-3.46657354956621
-0.0112693977858353
-0.83858596153638
-5.89119794407532
4.55200762892096
-4.88055796234946
8.24246485755728
-2.1162743045728
-2.52932416807877
0.00770772477459635
-5.983168301015
5.37394313864816
-1.04035752020997
-6.08826817665592
-0.296951069815608
-1.4846083242724
-4.21511471402299
6.07904816880359
-9.45666344086376
-9.25918857404083
-5.99101579248719
-1.13827543377157
1.73320010587383
-0.167340879931193
-2.3966127814252
6.15564273567338
8.36730809056807
2.28939987780075
-7.02796595406766
-1.83681325684875
10.0509995053926
-0.429867068288472
-7.31897286882299
4.06901648279311
6.1384255563628
5.81571337187873
0.0857095188084761
2.52742898992963
-3.37470515702678
5.45153335161162
6.20310249708186
-8.82840131782832
-4.53128971251524
-4.97185709560872
3.03503260228509
8.60656163791856
4.73501268454343
8.24394493826762
-1.15834029292282
9.12746187481153
-1.98955746258386
2.97409964449554
6.32723134187002
-2.41934653728574
-1.81127336291603
-0.352049642269469
1.67976668791907
2.93438850012055
2.90327873061165
8.27156263946571
-0.382435215822875
10.3501975013878
-5.5719905038266
-0.288918385730665
-4.895251066724
-1.56647519134607
-3.9469756492761
-0.425628664928993
-3.76459218824273
-1.63589133076259
4.22025231021524
0.0549616444445046
6.04933665479029
-9.10226148096388
-8.53917917393125
4.53390787799696
-2.57344191811503
-1.46529778892033
6.73723320928196
0.890096354886524
-5.45093632398479
1.86588007330084
-2.93843765965392
-0.183766133732192
-1.53541682936401
-7.62432733437935
-12.2501206526306
-3.80504372594203
-2.17309925909984
-0.519054216254024
5.762757809922
-2.28433030397434
0.948858138160252
5.26842142408928
-4.49692275848913
-6.18352844483366
2.36439022938731
-3.49542943027031
-5.02333119627301
-5.85555143360718
9.56238799628751
11.8309415793936
-12.7387086155998
-1.88170603501537
-6.88899285964991
0.786466817057311
